Filetype: IR signals file
Version: 1
# 
name: B&D ON
type: raw
frequency: 38000
duty_cycle: 0.330000
data: 3129 1587 494 1175 494 1176 493 369 465 370 464 370 464 1178 491 371 463 370 464 1179 490 1179 490 371 463 1180 489 373 461 346 488 1180 489 1180 489 374 460 1181 488 1182 487 348 496 337 487 1182 497 338 496 338 486 1183 496 339 495 339 495 338 486 348 496 338 496 339 495 339 495 339 495 339 495 338 496 339 495 339 495 339 495 339 495 339 495 340 494 340 494 1174 495 340 494 340 494 1175 494 341 493 341 493 1174 495 1175 494 342 492 342 492 342 492 343 491 341 493 342 492 1177 492 343 491 343 491 1177 492 343 491 342 492 342 492 342 492 342 492 343 491 343 491 343 491 342 492 342 492 342 492 342 492 342 492 343 491 343 491 342 492 342 492 342 492 342 492 342 492 342 492 343 491 342 492 342 492 342 492 342 492 342 492 342 492 343 491 341 493 342 492 342 492 342 492 342 492 342 492 342 492 341 493 341 493 342 492 1175 494 341 493 342 492 1176 493 1176 493 1176 493 343 491 1177 492 1177 492 343 491 342 492 342 492 342 492
# 
name: Carrier ON
type: raw
frequency: 38000
duty_cycle: 0.330000
data: 8364 4223 621 1958 1115 1478 593 1986 1082 1566 1072 1497 576 2003 1069 1513 1069 1541 1070 1505 1069 1505 1069 1497 1070 1550 1069 1530 1045 1522 551 2028 1045 1582 1044 1530 1044 1522 1045 1530 1044 1566 1045 1530 1045 1530 550 2021 550 2064 1044 1530 1044 1523 1043 1531 1044 1566 1045 1531 1043 1531 1044 1523 1044 1575 1043 1531 1044 1523 1044 1531 1044 1567 1044 1531 1043 1531 1044 1524 1043 1575 1043 1532 1043 1524 1043 1532 1043 1568 1042 1532 1043 1532 1043 1524 1043 1576 1042 1532 1043 1524 1043 1532 1042 1569 1042 1533 1016 1558 1042 1525 1042 1577 1016 1558 523 2048 1042 1525 547 2071 1041 1533 523 2049 522 2049 522
# 
name: ESV09CRO-B2I ON
type: raw
frequency: 38000
duty_cycle: 0.330000
data: 3094 3056 3095 4432 577 1651 570 535 575 1652 569 536 574 530 570 1657 575 1652 569 536 574 1652 569 536 574 1652 569 1657 575 530 570 535 575 1651 570 535 575 1650 571 1655 576 1650 571 534 576 529 571 534 576 528 572 533 577 527 573 532 568 536 574 530 570 534 576 528 572 532 578 526 574 531 569 1655 577 529 571 533 577 528 572 533 577 527 573 531 569 1656 576 529 571 1655 577 528 572 532 578 526 574 531 569 536 574 529 571 534 576 528 572 532 568 536 574 530 570 534 576 528 572 532 578 526 574 1651 570 534 576 528 572 533 577 527 573 532 568 536 574 530 570 534 576 528 572 532 568 536 574 530 570 534 576 528 572 532 568 536 574 530 570 534 576 528 572 532 568 536 574 530 570 534 576 528 572 532 568 536 574 530 570 534 576 528 572 532 568 536 574 530 570 534 576 528 572 532 568 536 574 529 571 534 576 527 573 531 569 536 574 529 571 1653 578 526 574 1652 569 536 574 529 571 1655 576 1649 572 1653 579 1647 574 531 569 1657 574
# 
name: Lennox POWER
type: raw
frequency: 38000
duty_cycle: 0.330000
data: 4444 4409 550 1604 550 527 550 1605 549 527 549 528 549 528 549 528 549 1606 548 529 548 529 548 529 548 1606 548 1607 547 529 548 1606 548 1606 548 529 548 1607 547 1606 548 1607 548 1606 548 529 548 529 548 529 548 1607 548 1607 548 1606 548 1607 548 1606 548 1607 547 1607 548 1606 548 1607 548 1606 548 1607 548 1606 548 1606 549 1607 547 1607 547 1606 548 1606 548 1607 548 1607 548 529 548 529 548 529 547 529 548 1606 548 5206 4418 4412 547 529 548 1606 548 529 548 1607 547 1607 548 1606 548 1606 549 529 573 1582 547 1607 547 1607 547 529 548 529 548 1607 547 529 548 529 547 1607 548 529 548 529 548 529 548 530 547 1607 547 1607 548 1606 548 529 548 530 547 529 548 530 547 530 547 530 547 529 571 506 547 530 547 529 548 530 547 529 548 530 547 530 547 530 547 530 547 530 547 530 547 530 547 1607 547 1607 547 1607 547 1608 547 530 547
# 
name: SX122CL On
type: raw
frequency: 38000
duty_cycle: 0.330000
data: 3126 1586 542 1123 544 1124 543 346 540 344 542 344 541 1124 543 345 541 343 541 1124 543 1125 542 346 540 1124 542 346 540 346 516 1149 518 1150 517 369 516 1151 517 1148 518 369 517 370 516 1148 518 369 516 369 541 1125 543 342 542 344 542 345 541 346 540 371 515 371 515 371 514 370 514 371 515 371 515 371 515 371 515 371 515 370 515 371 514 371 515 372 515 1151 515 371 515 372 515 1151 515 372 514 372 515 1153 514 1153 515 371 515 372 514 370 514 372 514 372 514 372 514 1153 514 1153 514 1131 538 1127 539 347 539 346 540 346 540 345 540 1128 540 347 540 1126 540 346 540 345 541 345 541 345 541 345 541 345 541 343 541 345 541 345 541 345 541 345 541 345 541 344 541 343 541 344 542 344 542 345 541 345 541 344 542 343 541 344 542 345 541 344 542 345 541 345 541 345 541 344 540 345 541 345 541 345 541 345 541 345 541 345 541 343 541 345 541 345 541 345 541 345 541 345 541 345 541 344 541 1127 541 344 541 1127 541 345 541
# 
name: R12AWN-NB11 Power
type: raw
frequency: 38000
duty_cycle: 0.330000
data: 8838 3941 624 1427 514 500 515 497 541 473 540 1487 540 474 539 474 538 476 512 1538 514 1516 544 466 514 497 514 501 514 499 514 500 513 499 513 501 487 525 514 499 512 502 487 526 512 1517 542 470 487 1539 513 499 512 503 513 499 512 1513 512
# 
name: LP1419IVSM ON
type: raw
frequency: 38000
duty_cycle: 0.330000
data: 289 132361 3225 9604 589 1471 590 427 589 427 590 427 563 1497 589 427 590 426 590 427 589 428 563 453 563 453 589 428 589 428 589 428 586 454 591 429 587 453 563 1471 588 1472 562 455 561 455 562 1473 587 455 561 456 586 1473 561 456 560 1473 587 456 561
# 
name: LP1417GSR POWER
type: raw
frequency: 38000
duty_cycle: 0.330000
data: 8971 4413 598 1634 595 1641 599 526 599 529 596 533 592 541 594 541 594 1646 594 525 600 1633 596 1645 595 533 592 540 595 538 597 539 596 528 597 1629 600 520 594 526 599 526 599 530 595 537 598 538 597 530 595 523 591 1639 601 524 601 527 598 1643 597 537 598 539 596 531 594 522 592 528 597 527 598 530 595 536 599 534 591 546 600 526 599 517 597 521 593 528 597 528 597 532 593 541 594 544 591 519 595 7883 598 520 594 525 600 524 590 535 600 529 596 539 596 1651 599 1639 601 515 599 522 592 531 594 532 593 538 597 536 599 538 597 528 597 518 596 525 600 523 591 534 591 537 598 533 592 546 600 527 598 518 596 523 591 531 594 531 594 536 599 534 591 545 601 526 599 517 597 521 593 529 596 530 595 536 599 532 593 542 593 532 593 522 592 526 599 522 592 535 600 532 593 540 595 541 594 533 592 524 601 519 595 528 597 529 596 535 600 534 601 537 598 527 598 1627 592 1637 592 531 594 533 592 1652 598 537 598 1652 598 1623 596 7882 599 519 595 525 600 522 592 534 591 538 597 535 590 547 599 528 597 518 596 1634 595 1639 601 525 600 530 595 539 596 541 594 532 593 523 591 529 596 527 598 528 597 533 592 541 594 542 593 532 593 525 600 522 592 531 594 533 592 538 597 535 600 537 598 527 598 518 596 522 592 530 595 1646 594 1652 598 1650 600 538 597 530 595 521 593 527 598 526 599 529 596 534 591 543 592 546 600 527 598 519 595 1636 593 1640 600 1639 601 1644 596 1651 599 539 596 514 590
# 
name: LP1015WNR POWER
type: parsed
protocol: NECext
address: 10 E7 00 00
command: 00 FF 00 00
# 
name: LG HOME POWER
type: raw
frequency: 38000
duty_cycle: 0.330000
data: 8445 4206 542 1566 541 539 519 534 514 541 517 1564 543 537 521 533 515 539 519 534 514 540 518 536 512 542 516 537 521 532 516 538 520 534 514 1568 539 541 517 536 522 1560 547 533 515 1567 540 540 518 536 512 1570 547 1561 546 534 514 1568 539
# 
name: LG POWER
type: parsed
protocol: NECext
address: 81 66 00 00
command: 81 7E 00 00
# 
name: WWK08CR81N POWER
type: parsed
protocol: NECext
address: 01 FF 00 00
command: 12 ED 00 00
# 
name: Silent Cool 26 Pro POWER
type: raw
frequency: 38000
duty_cycle: 0.330000
data: 4532 4226 685 1459 685 388 683 1458 686 414 657 414 657 415 656 415 656 1487 656 415 603 469 602 469 602 469 602 1541 602 469 602 469 602 469 602 469 602 1541 602 468 603 468 603 468 603 1540 603 1541 602 470 601 1543 600 1544 600 1545 599 1546 598 1547 597 1570 574 1570 574 1570 574 1570 574 1570 574 1570 574 1570 574 1570 574 1570 574 1570 573 1570 574 1570 574 1570 574 498 573 1570 573 498 573 498 573 498 573 498 573 5130 4444 4312 598 473 598 1546 597 473 598 1545 598 1545 599 1545 622 1521 623 448 623 1520 623 1519 624 1520 599 1544 624 448 598 1545 623 1520 624 1520 624 1520 622 448 599 1544 624 1520 623 1520 623 447 624 447 624 1519 624 447 624 447 624 447 624 447 624 447 624 448 623 448 623 447 624 447 624 447 624 448 623 447 624 447 624 447 624 447 624 447 624 448 623 448 623 1520 623 448 623 1520 623 1520 623 1520 623 1520 623
#
name: MAW05R1WBL POWER
type: raw
frequency: 38000
duty_cycle: 0.330000
data: 4459 4369 593 1562 590 487 599 1555 597 481 595 482 594 483 593 485 591 1563 599 1555 596 481 595 482 594 484 592 485 591 486 590 1565 597 479 596 481 594 1559 593 1562 590 1565 597 1557 595 482 594 484 592 485 591 1564 598 1556 596 1559 593 1561 591 1564 598 1556 596 1558 594 1561 591 1564 598 1556 595 1559 593 1561 591 1564 598 1556 596 1559 593 1561 591 486 590 1565 597 1557 595 1559 593 1562 590 488 598 478 598 479 597 5158 4453 4375 597 480 595 1558 594 484 592 1563 589 1565 597 1558 594 1560 592 485 591 487 589 1565 597 1557 594 1560 592 1562 590 1565 597 479 596 1558 594 1561 591 486 590 488 598 478 598 480 596 1558 594 1561 591 1563 599 478 598 479 596 481 595 482 594 484 592 485 591 486 600 478 598 479 597 480 595 481 595 483 593 484 592 485 591 487 589 488 598 1555 596 481 594 483 593 484 592 485 591 1564 598 1556 596 1559 593
# 
name: A75C2600 On_off
type: raw
frequency: 38000
duty_cycle: 0.330000
data: 3545 3410 937 803 936 2542 937 803 936 832 907 832 933 2545 933 2546 931 809 928 813 925 2580 899 839 900 840 900 839 900 2580 899 2580 899 840 899 840 900 2580 899 840 900 840 900 839 900 840 899 840 900 840 899 840 900 2580 899 840 899 840 899 840 900 840 900 840 899 840 3511 3449 898 841 898 2581 898 840 900 840 899 841 898 2581 898 2581 899 840 899 841 898 2581 898 841 898 841 898 841 898 2581 898 2581 898 841 898 841 898 2581 899 841 898 841 898 841 899 841 898 841 898 842 898 841 898 2581 898 841 898 842 897 842 897 842 897 842 898 842 3509 3450 897 13896 3509 3451 896 842 897 843 897 843 896 843 896 2583 896 843 897 843 896 2583 896 844 895 844 895 868 871 869 871 2609 870 869 871 869 870 2609 870 869 871 2609 870 2609 870 869 871 2609 870 2609 870 869 870 869 870 869 870 2609 870 2609 870 869 871 2609 870 2610 869 870 869 870 3482 3478 869 870 869 870 869 870 870 870 869 2610 869 870 869 870 870 2610 869 871 869 871 869 871 868 871 869 2611 868 871 868 871 869 2611 868 872 867 2611 869 2611 868 871 868 2612 867 2612 868 872 867 897 842 897 843 2637 843 2637 842 897 843 2637 843 2637 842 898 842 898 3454 3506 841
# 
name: CWA75C4179 ON
type: raw
frequency: 38000
duty_cycle: 0.330000
data: 3473 1716 444 455 417 1304 420 461 421 464 418 471 421 471 421 476 416 455 417 456 416 461 421 460 412 473 419 469 413 1324 420 477 415 455 417 457 415 462 420 461 421 463 419 470 422 1315 419 1321 413 1302 422 451 421 456 416 1309 414 470 422 467 415 478 414 482 420 451 421 452 420 457 415 466 416 469 413 476 416 477 415 481 421 450 412 461 421 456 416 465 417 468 414 474 418 475 417 480 412 458 414 459 413 464 418 463 419 466 416 473 419 474 418 478 414 457 415 458 414 1307 417 1308 416 469 413 476 416 477 415 481 421 428 413 10540 3465 1751 419 454 418 1302 422 459 413 472 420 469 413 480 412 485 417 453 419 454 418 459 413 468 414 471 421 468 414 1322 422 475 417 454 418 455 417 460 412 469 413 472 420 468 414 1323 421 1320 414 1300 413 460 412 465 417 1307 417 468 414 475 417 476 416 481 421 449 413 460 422 455 417 464 418 467 415 474 418 474 418 479 413 458 414 459 413 464 418 463 419 1309 415 1318 416 1321 413 484 418 452 420 453 419 458 414 1311 413 1316 418 471 421 1315 419 478 414 457 415 458 414 463 419 462 420 465 417 472 420 472 420 477 415 1299 414 1302 422 1299 414 1310 414 1315 419 470 422 1315 419 478 414 1300 413 1303 421 456 416 1309 415 1314 420 469 413 480 412 485 417 453 419 454 418 459 413 468 414 471 421 468 414 479 413 484 418 452 420 453 419 1302 422 1303 421 1307 417 473 419 473 419 478 414 457 415 458 414 463 419 462 420 465 417 471 421 1316 418 1322 422 1293 420 452 420 457 415 466 416 469 413 476 416 477 415 482 420 450 422 451 421 456 416 465 417 468 414 475 417 476 416 480 412 459 413 1304 420 457 415 466 416 469 413 476 416 477 415 481 421 1293 420 453 419 458 414 467 415 470 412 477 415 477 415 482 420 450 422 451 421 456 416 465 417 468 414 475 417 476 416 481 421 449 413 1304 420 457 415 1310 414 471 421 1311 413 481 421 475 417 432 419
# 
name: A75C4187 PWR_SW
type: raw
frequency: 38000
duty_cycle: 0.330000
data: 3470 1742 440 432 441 1336 411 434 439 432 441 432 441 433 440 433 440 432 441 432 441 432 441 432 441 432 441 432 441 1306 441 432 441 433 440 433 440 432 441 432 441 432 441 433 440 1305 442 1307 440 1308 438 433 440 432 441 1309 438 432 441 432 441 432 441 432 441 432 441 433 440 432 441 435 438 433 440 433 440 433 440 432 441 433 440 432 441 433 440 432 441 431 442 433 440 432 441 432 441 432 441 431 442 432 441 432 441 432 441 433 440 432 441 432 441 431 442 432 441 1306 441 1306 441 432 441 433 440 432 441 432 441 433 440 10389 3499 1741 441 432 441 1305 442 432 441 432 441 433 440 432 441 431 442 432 441 433 440 432 441 433 440 432 441 432 441 1306 441 433 440 432 441 432 441 432 441 432 441 433 440 432 441 1309 438 1307 440 1306 441 432 441 432 441 1307 440 432 441 432 441 432 441 432 441 432 441 432 441 432 441 432 441 432 441 432 441 431 442 432 441 1307 440 1307 440 432 441 431 442 432 441 432 441 1307 440 432 441 1306 441 1305 442 1307 440 432 441 432 441 1306 441 1308 439 432 441 432 441 432 441 1309 438 431 442 1307 440 1307 440 433 440 1305 442 432 441
# 
name: Rinnai POWER
type: raw
frequency: 38000
duty_cycle: 0.330000
data: 9026 4518 591 1706 564 1709 561 581 564 579 566 579 566 580 565 1686 595 1708 562 1709 561 1711 569 1705 565 578 567 1683 587 1690 591 1687 593 577 568 573 562 579 566 577 568 575 560 584 561 1689 591 1686 594 1682 588 579 566 576 569 574 561 582 563 581 564 582 563 558 587 583 562 579 566 575 560 583 562 581 564 580 565 1686 594 1683 587 583 562 579 566 576 569 574 561 582 563 581 564 582 563 558 587 582 563 578 567 575 560 582 563 580 565 579 566 1684 586 561 594 575 560 581 564 578 567 576 559 584 561 583 562 558 587 560 585 584 561 580 565 577 568 574 561 582 563 581 564 556 589 558 587 582 563 578 567 575 560 582 563 580 565 579 566 1684 586 561 594 576 559 582 563 578 567 576 559 584 561 583 562 558 587 560 595 574 561 1711 559 582 563 1711 559 584 561 583 562 557 588 559 586 584 561 1711 559 1713 567 1705 565 1710 560 1689 591 1686 594 552 593 1706 564
# 
name: Wind-Free POWER
type: raw
frequency: 38000
duty_cycle: 0.330000
data: 608 17795 3020 8937 519 502 495 1493 492 475 522 472 525 469 518 476 521 472 525 469 518 476 521 1493 492 503 494 499 498 1490 495 500 517 503 494 1493 492 1497 498 1463 521 1467 517 1470 525 470 517 503 494 500 497 497 490 504 493 501 496 497 490 504 493 528 469 498 519 474 513 481 516 505 492 501 496 498 499 468 519 502 495 499 498 468 519 502 495 499 498 496 491 503 494 499 498 496 491 530 467 500 497 496 521 500 487 480 517 503 494 473 524 1464 521 1467 517 1471 524 1491 493 2972 2993 8939 517 1523 472 495 492 502 495 499 518 502 495 499 488 506 491 503 494 472 525 1490 495 472 525 496 491 1470 525 496 491 1497 498 1517 467 1494 490 1497 518 1470 514 1474 521 473 524 470 517 503 494 473 524 470 517 504 493 474 523 497 490 504 493 501 496 498 489 504 493 528 469 525 462 504 513 508 489 478 519 501 496 498 499 468 519 475 522 498 499 495 492 475 522 471 526 495 492 502 495 499 498 495 492 502 495 526 471 522 465 529 468 499 518 475 522 499 498 2967 2998 8933 523 1464 520 474 523 470 517 477 520 474 523 497 490 504 493 501 496 498 489 1499 496 525 493 474 513 1502 493 474 523 1465 519 1468 516 478 519 1468 517 1499 496 1492 493 1522 462 1499 496 1492 493 1495 520 1468 516 478 519 474 523 471 516 1472 523 1465 519 1469 526 495 492 502 495 498 499 495 492 529 468 499 498 495 492 529 488 1473 522 1466 518 475 522 472 525 1463 522 1466 518 502 495 499 498 496 491 503 494 499 498 496 491 503 494 1494 521 1493 492 1470 525 1463 521
# 
name: AR13TYHZCWKN On
type: raw
frequency: 38000
duty_cycle: 0.330000
data: 619 17787 3032 8883 558 461 532 1453 534 459 535 458 535 458 534 459 533 458 535 457 535 457 535 1449 536 457 535 458 534 1452 559 434 558 461 530 1456 528 1483 503 1483 503 1482 504 1482 504 489 504 489 504 489 504 489 504 465 528 464 528 464 528 464 529 516 476 516 500 492 502 491 502 490 503 490 503 489 504 489 503 489 504 489 503 489 503 489 504 489 504 489 503 489 504 465 528 465 528 465 527 516 476 516 501 492 501 491 502 491 502 490 503 1483 503 1483 503 1482 503 1483 503 2986 2976 8940 503 1459 527 490 503 489 503 516 476 517 500 492 501 491 502 490 503 490 503 1483 503 490 502 490 503 1483 503 490 503 1483 503 1483 503 1483 503 1510 475 1510 501 1485 501 491 502 490 503 490 503 490 502 490 503 490 503 490 503 490 503 490 502 490 503 490 503 490 502 490 502 517 475 517 500 492 501 492 501 492 501 491 502 491 502 490 503 490 502 490 503 490 503 490 502 490 503 490 503 490 502 490 502 490 503 490 502 490 503 517 500 493 500 492 501 492 502 2959 3003 8941 502 1484 502 491 501 491 502 491 501 491 501 491 502 490 503 490 502 490 503 1484 502 517 475 518 499 493 500 1486 500 1485 501 1484 502 491 502 1484 502 1484 502 1484 502 1484 502 1484 501 491 502 1511 500 1486 500 492 501 492 501 491 502 1484 502 1484 502 1484 502 491 502 491 501 491 502 491 501 491 502 1484 502 518 474 519 499 1487 499 1486 500 492 501 492 501 492 500 1485 501 492 501 492 501 491 501 491 502 491 501 491 502 491 501 1512 473 1512 499 1487 500 1486 500
# 
name: AR12K POWER
type: raw
frequency: 38000
duty_cycle: 0.330000
data: 270 18152 3021 8955 523 499 495 1497 492 504 500 468 526 496 498 498 496 499 495 501 493 502 492 1499 500 496 498 524 470 1521 498 497 497 499 495 1496 492 1499 500 1491 497 1494 494 1497 502 494 500 495 499 497 497 498 496 500 494 528 466 530 464 531 473 522 493 503 491 504 500 495 499 497 497 498 496 500 494 501 493 503 491 504 500 495 499 496 498 498 496 499 495 501 493 529 465 531 473 522 472 523 492 504 490 505 499 496 498 498 496 499 495 1496 492 1499 500 1492 496 1494 525 2947 2999 8953 525 1519 469 499 516 507 497 498 496 500 494 501 493 503 491 504 500 495 499 1492 496 499 495 501 493 1498 501 495 499 1492 496 1522 466 1524 496 1496 492 1499 500 1492 496 499 495 500 494 502 492 504 500 495 499 496 498 498 496 499 495 500 494 502 492 530 474 521 473 523 523 472 522 474 489 506 498 497 497 499 495 500 494 502 492 503 501 494 500 496 498 497 497 499 495 500 494 502 492 503 501 521 473 523 471 524 522 474 520 475 498 497 497 499 495 500 494 2978 2999 8952 525 1492 496 499 495 501 493 503 491 504 500 495 499 497 497 525 469 526 468 1524 516 479 494 501 493 503 491 504 500 495 499 497 497 1494 494 1497 492 1500 499 1492 496 499 495 1497 491 531 473 1518 522 1469 499 496 498 498 496 500 494 1497 491 1500 499 1492 496 499 495 501 493 502 492 504 500 495 499 523 471 525 469 526 520 1472 516 1475 493 502 492 504 500 495 499 1492 496 499 495 501 493 502 492 504 500 495 499 496 498 498 496 1522 466 1525 525 1466 491 1500 499
# 
name: CVP10MX ON
type: raw
frequency: 38000
duty_cycle: 0.330000
data: 3826 1855 504 434 506 1381 507 433 507 1383 505 433 507 1381 507 433 507 1382 506 433 507 1383 505 435 505 1381 507 1383 505 433 507 1382 506 433 507 1382 506 1382 506 1381 507 1383 505 433 507 433 507 1382 506 1382 506 433 507 434 506 434 505 434 506 1383 505 434 506 435 505 433 507 1381 507 434 506 433 507 435 505 437 503 434 505 434 506 436 504 1381 507 436 504 435 505 433 507 1385 503 434 506 436 504 434 506 435 505 433 507 1383 505 437 503 1381 507 1384 504 434 506 434 506 434 506 436 504 434 506 435 505 433 507 434 506 433 507 433 507 434 506 434 505 434 506 1382 506 435 505 434 506 433 507 435 505 434 506 434 506 433 507 434 506 433 507 433 507 434 506 1383 505 434 506 435 505 433 507 438 502 434 506 435 505 435 505 435 505 436 504 433 507 1383 505 433 507 1382 506 1382 506 1383 505 1384 504 1382 506 434 506 435 505 436 504 1383 505 435 505 435 505 434 506
# 
name: AH-X9VEW ON
type: raw
frequency: 38000
duty_cycle: 0.330000
data: 3829 1892 465 455 509 1427 437 466 487 1423 431 473 490 1418 436 483 459 1421 433 486 488 1420 434 443 510 1425 429 1436 439 481 483 1407 437 483 491 1392 462 1429 457 1397 489 1421 433 462 459 504 459 1394 491 1416 438 455 488 469 463 482 460 485 458 1422 432 487 456 489 464 440 513 1421 433 1432 432 487 487 1403 430 489 464 455 487 1410 486 1405 459 1421 433 487 456 490 432 499 464 1463 412 455 488 469 463 482 460 470 483 1409 435 484 458 461 481 1442 433 460 483 1415 460 470 462 483 459 470 462 483 459 486 436 501 431 499 464 465 457 488 465 1426 459 1395 490 1417 437 1427 437 481 461 483 438 492 461 484 437 492 461 484 437 492 461 485 437 493 460 485 437 492 461 1430 435 484 458 485 458 472 460 485 457 472 460 485 457 472 460 485 458 472 460 485 458 472 460 486 457 473 490 1418 436 1435 461 1404 460 1419 435 485 457 487 435 495 458 1433 432 487 487 1421 433 471 482
# 
name: AH-A9UCD ON
type: raw
frequency: 38000
duty_cycle: 0.330000
data: 9084 4414 708 1592 708 494 709 493 737 1573 742 1567 739 1563 739 1565 737 491 711 467 735 469 737 494 711 493 713 494 709 497 708 497 709 498 707 498 708 524 708 498 707 497 709 498 708 1602 710 1596 707 496 708 499 707 498 709 496 710 497 708 1596 708 499 709 1601 707 496 707 499 709 1601 710 499 708 19964 708 1595 707 496 706 496 707 496 707 496 707 495 707 496 708 499 709 1600 709 496 707 497 710 497 707 500 707 1602 709 499 706 498 710 497 708 497 708 499 707 498 709 499 706 498 707 498 707 497 709 499 708 498 708 498 708 498 707 1603 710 498 707 1604 708 499 709
# 
name: TCL Power
type: raw
frequency: 38000
duty_cycle: 0.330000
data: 3087 1607 488 1064 517 335 492 1087 484 315 512 340 487 1091 490 336 491 338 489 1089 492 333 494 332 485 341 486 340 487 338 489 336 491 339 488 1090 491 334 493 1085 486 340 487 1091 490 1088 493 333 484 343 484 44227 178
# 
name: RAS-13SKV2-E POWER
type: raw
frequency: 38000
duty_cycle: 0.330000
data: 4384 4380 522 1611 551 1609 553 1607 555 1605 557 523 547 533 548 1612 550 530 551 529 552 528 553 527 554 526 555 1605 557 1603 549 531 550 1610 552 528 553 527 554 527 554 526 555 525 556 524 546 1613 549 1611 551 1609 553 1607 555 1605 557 1603 548 1611 551 1609 553 527 554 527 554 526 555 525 556 524 557 523 547 533 548 532 549 531 550 1609 553 527 554 1606 556 1604 547 533 548 532 549 531 550 530 551 529 552 528 553 527 554 526 555 525 556 524 557 523 547 532 549 1611 551 529 552 528 553 528 553 527 554 526 555 525 556 524 546 533 548 532 549 1611 551 1609 553 527 554 526 555 525 556 524 557 523 547 7458 4392 4345 556 1604 547 1612 550 1611 551 1609 553 527 554 526 555 1605 557 523 547 533 548 532 549 531 550 530 551 1609 553 1607 555 525 556 1604 547 532 549 532 549 531 550 530 551 529 552 528 553 1607 555 1605 557 1603 548 1611 551 1610 552 1608 554 1606 556 1604 547 533 548 532 549 532 549 531 550 530 551 529 552 528 553 527 554 526 555 1604 547 533 548 1612 550 1610 552 528 553 528 553 527 554 526 555 525 556 524 557 523 547 533 548 532 549 531 550 530 551 529 552 1607 555 525 556 525 556 524 557 523 547 533 548 532 549 531 550 530 551 529 552 1607 555 1605 557 523 547 533 548 532 549 531 550 530 551
# 
name: RAC-PD0812CRRU POWER
type: raw
frequency: 38000
duty_cycle: 0.330000
data: 4414 4350 566 1579 568 504 569 1576 571 501 572 500 563 535 538 507 566 1579 568 1578 569 529 544 501 572 500 563 509 564 507 566 532 541 1578 569 503 570 1574 563 1583 564 508 565 1580 567 1579 568 1577 570 529 544 1575 572 1573 564 1582 565 1581 566 1579 568 1578 569 1576 571 1575 572 1573 564 1582 565 1581 566 1579 568 1578 569 1577 570 1575 572 1574 563 509 564 1582 565 1606 541 505 568 530 543 502 572 501 562 1609 538 5170 4410 4354 562 536 537 1608 539 507 566 1580 567 1578 569 1577 570 1575 572 527 536 510 563 1582 565 1580 567 1579 568 1577 570 1576 571 1575 572 526 537 1583 564 508 565 507 566 1579 568 504 569 503 570 528 545 1574 563 510 564 508 565 507 566 506 567 504 569 503 570 502 571 500 563 536 537 508 565 507 566 505 568 530 543 503 570 501 572 526 537 1582 565 507 566 506 567 1579 568 1577 570 1576 571 1574 573 500 563
#
name: Xiaomi POWER
type: raw
frequency: 38000
duty_cycle: 0.330000
data: 988 606 586 2210 587 1472 586 882 587 2211 586 375 584 2210 587 374 584 1472 586 374 585 376 582 375 583 400 559 400 558 883 587 375 584 375 583 2210 587 374 584 884 586 882 587 374 584 376 583 2211 586 884 585 375 584 375 583 374 584 374 584 375 584 1472 585 882 587 376 583 2211 586 884 585 2211 586 375 583 375 583 400 558 884 586 374 584 375 583 376 583 375 583 375 583 2211 586 2211 585 375 583 883 586
# 
name: Xbox360 On
type: raw
frequency: 38000
duty_cycle: 0.330000
data: 2650 904 461 429 459 431 457 876 457 878 1317 901 458 429 459 428 460 431 458 431 457 430 459 428 460 429 459 430 458 431 457 429 877 457 458 430 459 429 460 429 459 429 459 429 459 432 456 875 875 901 459 460 428 431 457 431 457 432 456 432 874 457 459 875 458 430 458 69526 2626 902 461 428 460 429 459 904 429 873 1323 900 458 426 462 428 460 429 459 429 459 427 461 427 462 429 459 428 460 427 461 427 907 428 459 430 459 426 462 428 460 429 459 428 460 426 462 873 905 873 459 427 461 426 462 427 462 427 461 428 905 458 429 873 460 426 462
# 
name: XboxOne Power
type: parsed
protocol: NECext
address: 80 D8 00 00
command: 2F D0 00 00
# 
name: PS2 POWER
type: parsed
protocol: SIRC20
address: 5A 1B 00 00
command: 15 00 00 00
#
name: Android_TV Power
type: parsed
protocol: NEC
address: 01 00 00 00
command: 40 00 00 00
# 
name: CCE Power
type: parsed
protocol: NEC
address: 04 00 00 00
command: 40 00 00 00 
# 
name: Dynex_EN21669D POWER
type: parsed
protocol: NECext
address: 86 05 00 00
command: 0F F0 00 00
# 
name: VIZIO Power
type: parsed
protocol: NEC
address: 04 00 00 00
command: 08 00 00 00
# 
name: 27GR95QE Power
type: parsed
protocol: NECext
address: 04 F4 00 00
command: 08 F7 00 00
#
name: LG HOTEL Power
type: parsed
protocol: NECext
address: 69 69 00 00
command: 01 FE 00 00
# 
name: N2QAYB000752 Power
type: raw
frequency: 38000
duty_cycle: 0.330000
data: 3476 1735 443 429 446 1300 451 422 453 420 445 428 447 426 449 423 452 448 417 429 446 426 449 424 451 422 443 430 445 1300 451 422 453 420 445 428 447 426 449 423 452 421 444 429 446 427 448 424 451 1295 445 427 448 425 450 423 452 420 445 429 446 426 449 424 451 421 444 1303 448 425 450 1296 444 1301 450 1296 444 1302 448 424 451 422 453 1293 447 426 449 1296 444 1302 448 1297 454 1293 447 425 450 1296 444 74939 3477 1734 444 429 446 1300 451 422 453 419 446 455 420 425 450 423 452 420 445 428 447 426 449 424 451 421 444 429 446 1300 451 422 453 420 445 428 447 425 450 423 452 420 445 429 446 426 449 424 451 1295 445 427 448 425 450 422 453 420 445 428 447 426 449 424 451 421 444 1302 449 424 451 1295 445 1301 450 1296 444 1302 449 424 451 422 453 1292 448 425 450 1296 444 1301 450 1297 443 1302 448 425 450 1295 445 74938 3478 1734 444 428 447 1299 452 421 444 429 446 427 448 425 450 422 453 420 444 428 447 426 449 423 452 421 444 429 446 1300 451 422 453 419 446 428 447 425 450 423 452 421 444 429 446 426 449 424 451 1295 445 427 448 425 450 423 452 420 445 428 447 426 449 424 451 421 444 1302 448 424 451 1295 445 1301 450 1296 444 1302 449 424 451 422 453 1292 448 425 450 1296 444 1301 450 1296 444 1302 449 424 451 1295 445 74938 3479 1733 445 428 447 1299 452 421 444 429 446 426 449 424 451 421 454 419 446 427 448 425 450 422 453 420 445 428 447 1299 452 421 444 429 446 426 449 424 451 422 453 419 446 427 448 425 450 422 453 1293 447 426 449 423 452 421 444 429 446 426 449 424 451 422 453 419 446 1301 450 422 453 1293 447 1299 452 1294 446 1300 451 422 453 419 446 1301 449 423 452 1294 446 1300 451 1295 445 1300 451 422 453 1293 447
# 
name: N2QAYB000705 Power
type: parsed
protocol: Kaseikyo
address: 80 02 20 00
command: D0 03 00 00
#
name: N2QAYB000715 Power
type: raw
frequency: 38000
duty_cycle: 0.330000
data: 3562 1687 494 382 493 1257 493 382 492 382 493 383 492 383 492 384 491 384 490 384 491 384 491 384 491 384 491 384 490 1260 491 383 492 384 491 384 491 384 491 384 491 384 491 384 491 383 492 383 492 1259 491 383 492 384 491 384 491 384 491 384 491 384 490 384 491 384 491 1260 490 384 491 1260 490 1259 492 1259 490 1260 490 384 490 384 491 1260 490 383 492 1259 491 1259 491 1259 491 1259 491 384 490 1259 491 75054 3561 1687 494 381 494 1256 494 382 492 382 493 383 492 383 491 383 492 384 490 384 491 384 491 384 491 384 491 384 491 1259 491 384 491 383 492 384 491 384 491 384 491 383 492 383 492 383 492 384 491 1259 491 383 492 384 491 384 491 384 491 384 491 384 491 384 491 384 491 1259 491 384 491 1259 491 1259 491 1259 491 1259 491 384 491 384 491 1259 491 383 492 1259 491 1259 491 1259 491 1259 491 384 491 1259 491 75053 3560 1688 493 382 492 1258 492 383 492 384 491 384 491 384 491 384 491 384 491 384 491 383 492 384 491 384 491 384 491 1259 491 384 491 384 491 384 491 384 491 384 491 384 491 383 492 384 491 384 491 1259 491 384 491 384 491 384 491 384 491 384 491 384 491 384 491 384 491 1259 491 384 491 1259 491 1259 491 1259 491 1259 491 384 491 384 491 1259 492 383 492 1259 491 1259 491 1259 491 1259 491 384 491 1259 491
# 
name: N2QAYA000152 Power
type: raw
frequency: 38000
duty_cycle: 0.330000
data: 3514 1773 418 456 424 1329 421 453 427 446 424 451 419 460 420 453 427 447 423 451 419 461 419 454 426 447 423 450 420 1333 428 447 423 457 423 450 420 453 427 447 423 457 423 450 420 453 427 447 423 1329 421 453 427 453 417 456 424 449 421 453 417 462 418 455 425 449 421 1332 418 455 425 1301 449 1305 445 1313 448 1306 444 457 423 456 424 1307 454 453 427 1304 446 1309 504 1249 501 1251 499 376 452 1300 450 75472 3513 1755 446 455 425 1300 450 451 419 456 424 455 425 448 422 451 419 456 424 455 425 448 422 452 418 456 424 455 425 1334 427 453 427 447 423 450 420 455 425 454 426 447 423 451 419 455 425 454 426 1306 455 452 418 456 424 449 421 454 426 453 427 446 424 450 420 454 426 1299 451 451 419 1307 454 1302 501 1253 445 1315 498 381 447 454 426 1299 451 450 420 1308 453 1307 454 1300 450 1304 446 454 426 1301 449 75485 3520 1770 421 453 427 1300 450 450 420 453 427 448 422 457 423 451 419 454 426 448 422 458 422 451 419 455 425 449 421 1305 445 457 423 457 423 450 420 454 426 448 422 457 423 450 420 454 426 447 423 1303 447 454 426 453 427 446 424 450 420 454 426 453 427 446 424 450 420 1307 454 446 424 1304 446 1307 454 1305 456 1298 452 450 420 460 420 1313 448 459 421 1310 451 1304 446 1308 453 1300 450 424 446 1307 454
#
name: 58JX800 Power
type: raw
frequency: 38000
duty_cycle: 0.330000
data: 3553 1709 466 407 465 1277 466 407 492 379 464 406 465 406 465 405 466 405 466 406 491 407 463 408 462 409 461 411 460 1284 459 412 460 412 460 412 459 412 459 412 459 412 459 412 460 412 459 412 459 1284 459 412 460 412 459 412 459 413 459 412 460 412 459 412 460 412 459 1285 458 412 459 1285 458 1285 459 1285 458 1285 458 413 458 413 458 1285 458 413 458 1285 459 1285 459 1285 458 1285 458 413 458 1285 458 74570 3544 1715 460 411 460 1284 459 412 459 412 459 412 459 412 460 412 459 412 459 412 459 412 459 412 459 412 460 412 459 1284 459 412 460 412 459 412 459 412 460 412 459 412 459 412 459 412 459 412 460 1284 459 412 459 412 459 412 460 412 459 412 460 412 459 412 460 412 460 1284 459 412 460 1284 459 1284 459 1285 459 1285 458 413 458 413 458 1285 459 412 459 1285 458 1285 458 1285 459 1285 459 412 459 1284 459 74570 3544 1715 459 413 458 1285 459 412 459 412 459 413 459 413 458 413 458 413 459 413 458 413 458 413 459 413 458 413 458 1285 459 413 459 413 458 413 458 413 459 413 458 413 459 413 458 413 458 413 459 1285 458 413 458 413 458 413 459 413 458 413 458 413 459 413 459 413 458 1285 459 413 458 1285 459 1285 459 1285 458 1285 458 413 458 413 458 1285 459 413 458 1285 458 1285 458 1286 457 1286 458 414 458 1286 457
# 
name: Panasonic Power
type: raw
frequency: 38000
duty_cycle: 0.330000
data: 3481 1715 457 442 428 1284 457 442 428 443 427 443 427 443 427 442 428 442 428 442 453 417 453 417 453 417 452 418 451 1289 451 422 448 447 422 424 447 447 423 448 422 424 446 448 422 448 422 448 422 1319 422 448 422 448 422 448 422 448 422 448 423 448 422 448 422 448 422 1319 422 448 422 1319 422 1319 422 1319 422 1319 422 448 422 449 421 1319 422 448 422 1320 421 1319 422 1320 421 1319 422 449 422 1319 422 74732 3475 1750 422 448 422 1319 422 448 422 448 422 448 422 448 422 448 422 448 422 448 422 448 422 448 422 448 422 449 422 1319 422 449 421 449 421 448 422 449 421 449 421 449 421 449 421 449 421 449 421 1320 421 449 421 449 421 449 421 449 421 449 422 449 421 449 422 449 421 1320 421 449 421 1320 421 1320 421 1320 421 1320 421 449 421 449 421 1320 421 449 421 1320 421 1320 421 1320 421 1320 421 450 420 1321 420 74732 3475 1750 422 448 422 1319 422 448 422 448 423 448 422 448 422 448 422 448 422 448 422 448 422 448 422 448 422 448 422 1319 422 448 422 448 422 448 422 448 422 448 422 449 421 449 421 449 421 448 422 1320 421 449 421 449 421 449 422 449 421 449 421 449 422 449 421 449 421 1320 421 449 421 1320 421 1320 421 1320 421 1320 421 449 421 449 421 1320 421 449 421 1320 421 1320 421 1320 421 1320 421 449 421 1320 421
# 
name: TX-P50C10E Power
type: raw
frequency: 38000
duty_cycle: 0.330000
data: 3515 1718 468 411 466 1285 468 411 465 410 466 410 466 410 466 437 465 412 464 412 463 414 461 416 460 417 459 417 460 1295 458 417 460 417 459 417 459 417 460 417 459 417 460 417 460 417 459 417 460 1294 459 417 460 417 460 417 460 417 460 417 460 417 459 417 460 417 459 1295 459 417 460 1295 458 1295 459 1295 458 1295 458 418 459 418 459 1295 459 418 459 1295 459 1296 457 1296 458 1296 458 418 459 1296 457 74712 3536 1727 459 418 459 1295 458 418 459 417 460 417 460 417 459 417 460 417 459 417 460 417 459 417 459 417 460 417 460 1295 458 418 459 418 458 417 460 418 458 418 458 418 458 418 459 418 459 418 458 1296 457 419 457 419 458 418 459 418 458 418 458 419 458 418 458 418 458 1296 457 419 458 1297 457 1298 455 1322 431 1322 431 421 456 420 457 1322 431 421 456 1322 431 1322 431 1323 430 1323 430 446 431 1322 431 74712 3536 1727 458 418 459 1295 458 418 459 418 458 418 459 418 459 417 460 417 460 417 460 417 460 417 460 417 460 417 460 1294 459 418 459 417 460 417 459 418 459 418 459 418 458 418 459 418 458 418 459 1295 458 418 458 418 459 418 459 418 459 417 460 418 459 418 458 418 458 1296 458 418 458 1296 457 1296 458 1297 456 1297 456 420 457 419 458 1296 458 420 457 1297 456 1297 457 1297 456 1297 456 421 456 1297 456 74713 3534 1729 458 418 459 1295 459 417 459 417 459 418 458 418 458 418 458 418 459 418 458 418 459 418 459 418 458 418 459 1295 459 417 459 418 459 417 459 418 459 418 458 418 459 418 458 418 458 418 459 1295 459 418 459 418 459 418 459 418 458 418 459 418 459 418 458 418 459 1295 459 418 458 1295 459 1294 459 1295 459 1295 459 417 459 418 459 1295 459 417 459 1295 459 1295 459 1295 458 1295 459 417 459 1295 458 74711 3534 1728 459 417 459 1294 460 417 459 417 459 418 459 417 459 418 458 418 459 418 458 418 458 418 459 418 458 418 459 1295 459 418 458 418 459 418 458 418 458 418 459 418 459 418 459 418 458 418 458 1295 459 418 458 418 459 418 458 418 458 418 458 418 458 419 458 418 458 1296 458 418 458 1295 458 1296 458 1295 459 1295 459 418 458 419 457 1296 458 418 458 1296 458 1295 458 1296 458 1296 458 418 458 1296 457 74711 3534 1729 458 417 459 1295 459 417 459 417 459 417 459 418 459 418 459 418 458 418 459 418 458 418 459 418 459 418 458 1295 459 418 458 418 458 418 459 418 458 418 459 418 459 418 458 418 458 419 458 1295 458 418 459 418 458 418 459 418 458 418 458 419 458 418 459 419 457 1296 458 418 458 1296 458 1295 459 1295 459 1295 458 418 459 418 458 1296 458 418 458 1296 457 1296 458 1296 457 1296 458 419 458 1296 457 74711 3534 1729 459 418 458 1295 459 418 458 418 459 418 458 418 458 418 458 418 459 418 458 418 459 418 458 419 458 419 457 1296 458 419 457 419 458 419 458 419 458 419 458 419 457 419 458 419 457 419 458 1296 458 419 457 419 457 420 456 420 456 420 457 420 457 420 456 420 457 1297 457 419 457 1296 458 1296 458 1296 457 1296 458 419 457 419 457 1296 458 419 457 1297 457 1297 457 1297 456 1297 457 420 456 1298 456
#
name: TX-43GXW584 Power
type: raw
frequency: 38000
duty_cycle: 0.330000
data: 3529 1712 447 431 449 1307 454 451 419 433 447 459 421 458 422 429 451 455 425 426 454 425 455 423 447 460 420 459 421 1308 453 452 428 424 446 433 447 459 421 430 450 457 423 428 452 426 454 453 427 1302 448 457 423 456 424 427 453 453 427 452 428 451 419 460 420 459 421 1308 453 453 427 1302 448 1307 454 1301 449 1306 455 451 419 461 419 1310 451 455 425 1304 446 1309 452 1304 446 1309 452 454 426 1303 447 74691 3528 1715 455 451 419 1310 451 427 453 426 454 425 455 451 419 433 447 431 449 430 450 429 451 428 452 426 454 453 427 1302 448 430 450 429 451 428 452 426 454 453 427 424 446 460 420 431 449 430 450 1307 454 452 428 423 447 460 420 431 449 457 423 429 451 455 425 454 426 1303 447 459 421 1308 453 1303 447 1309 452 1304 446 459 421 431 449 1307 454 425 455 1302 448 1307 454 1302 448 1308 453 425 455 1302 448 70427 175
# 
name: TX_L42E5E Power
type: raw
frequency: 38000
duty_cycle: 0.330000
data: 3398 1660 464 419 435 1253 434 423 441 417 436 420 434 424 440 417 437 421 433 424 440 417 437 421 433 425 439 418 436 1252 435 422 432 427 437 420 434 424 440 417 436 421 433 424 440 417 437 421 433 1255 432 426 438 419 435 423 431 426 438 420 434 423 431 427 437 421 433 1228 459 425 439 1249 438 1250 437 1225 462 1226 461 422 432 426 438 1224 463 421 433 1229 458 1230 457 1257 440 1221 466 392 462 1224 463 72803 3397 1661 463 421 433 1255 432 426 438 419 435 423 431 427 437 420 434 424 440 417 437 421 433 398 466 418 436 422 432 1256 431 427 437 421 433 424 440 418 436 422 432 425 439 419 435 423 431 426 438 1250 437 421 433 425 439 418 436 422 432 426 438 419 435 423 431 428 436 1252 435 422 432 1257 440 1248 439 1249 438 1224 463 395 458 425 439 1249 438 419 435 1227 460 1255 432 1256 431 1231 466 417 437 1249 438 72803 3398 1687 437 420 434 1255 432 425 439 419 434 397 457 427 437 420 434 424 440 417 436 421 432 425 439 418 436 422 432 1257 440 417 437 422 431 426 438 393 461 423 431 427 437 420 434 424 440 417 436 1225 462 422 432 426 438 419 435 423 431 426 438 420 434 424 440 418 436 1252 435 422 432 1257 440 1247 440 1248 439 1223 464 420 434 424 440 1222 465 418 435 1253 434 1254 433 1229 458 1256 431 427 437 1248 439 72798 3403 1682 432 426 438 1250 437 420 434 424 440 417 436 421 433 425 439 418 436 422 432 425 439 419 435 422 432 426 438 1250 437 420 434 425 439 418 436 422 432 425 439 419 435 422 432 426 438 419 434 1254 433 424 440 417 437 421 432 425 439 418 436 422 432 426 438 420 434 1254 433 425 439 1222 465 1223 464 1224 463 1252 435 422 432 426 438 1250 437 421 433 1255 432 1256 431 1257 440 1221 466 419 435 1250 437 72798 3402 1683 431 426 438 1250 437 421 433 425 439 418 436 422 432 425 439 419 435 423 431 426 438 420 434 423 431 427 437 1251 436 421 433 426 438 419 435 423 431 427 437 420 434 424 440 417 436 421 433 1255 432 425 439 419 435 422 432 426 438 419 435 423 431 427 437 421 433 1255 432 426 438 1250 437 1251 436 1252 435 1254 433 424 440 418 436 1252 435 423 431 1257 440 1247 440 1249 438 1250 437 421 433 1226 461
# 
name: TH-43HS550K Power
type: parsed
protocol: Samsung32
address: 3E 00 00 00
command: 0C 00 00 00
# 
name: TC-P50U1 Power
type: raw
frequency: 38000
duty_cycle: 0.330000
data: 3557 1672 516 388 488 1237 515 389 487 389 487 389 487 389 486 389 487 388 487 365 512 386 490 386 489 386 489 387 488 1263 488 389 485 391 483 392 483 394 481 397 479 398 478 421 455 398 478 421 455 1297 455 421 455 421 455 421 455 421 455 421 455 421 455 421 455 421 455 1298 454 421 455 1298 454 1298 454 1298 454 1298 454 421 455 422 454 1298 454 422 454 1298 454 1299 453 1299 453 1298 454 422 454 1298 454 74664 3522 1735 454 422 454 1299 453 422 454 422 454 422 454 422 454 422 454 422 454 422 454 422 454 422 454 422 454 422 454 1299 453 422 454 422 454 422 454 422 454 422 454 422 454 422 454 422 454 422 454 1299 453 422 454 422 454 423 453 423 453 423 453 422 454 423 453 423 453 1299 453 423 453 1299 453 1299 453 1300 452 1299 453 423 453 423 453 1300 452 423 453 1300 452 1300 452 1300 452 1300 452 423 453 1300 452 74665 3522 1735 453 422 454 1299 453 422 454 422 454 422 454 422 454 422 454 422 453 422 454 422 454 422 454 422 454 422 454 1299 453 422 454 422 454 422 454 422 454 422 454 422 454 422 454 422 454 423 453 1299 453 423 453 422 454 422 454 422 454 422 454 423 453 423 453 423 453 1299 453 423 453 1299 453 1299 453 1299 453 1299 453 423 453 423 453 1299 453 423 453 1299 453 1299 453 1299 453 1300 452 423 453 1299 453 74662 3527 1705 482 394 482 1270 482 394 482 393 483 394 482 393 483 393 483 393 483 393 483 393 483 394 482 393 483 394 482 1294 458 418 458 417 459 417 459 418 458 418 458 418 458 418 458 418 458 418 458 1295 457 419 456 419 457 419 457 419 457 419 457 419 457 419 457 419 457 1296 456 419 457 1296 456 1297 455 1297 455 1299 453 446 430 446 430 1323 429 446 430 1323 429 1323 429 1323 429 1323 429 446 430 1323 429
# 
name: Philips Universal Power
type: parsed
protocol: RC6
address: 00 00 00 00
command: 0C 00 00 00
# 
name: Philips 22IT Power
type: parsed
protocol: NECext
address: 00 BD 00 00
command: 01 FE 00 00
# 
name: RT2471 Power
type: parsed
protocol: NEC
address: A0 00 00 00
command: 5F 00 00 00
# 
name: RTR4061-B-CA Power
type: raw
frequency: 38000
duty_cycle: 0.330000
data: 9047 4385 682 474 682 1578 708 476 679 1581 706 477 679 1582 705 1582 705 1582 678 1583 679 1607 679 1582 678 478 679 478 678 477 679 1582 705 1582 679 1583 679 1608 704 1582 705 478 678 1582 705 478 678 478 678 478 679 477 679 478 679 478 678 1582 705 478 678 1583 704 1582 705 1582 679 39574 9073 4387 679 478 678 1583 679 503 677 1584 705 478 678 1582 705 1582 705 1582 705 1582 705 1582 705 1582 678 479 677 479 678 479 677 1583 679 1608 704 1582 705 1582 705 1582 705 478 678 1583 704 478 678 478 678 1582 680 478 703 453 704 453 703 1557 703 480 676 1584 704 1583 704 478 678
#
name: F20566AK Power
type: raw
frequency: 56000
duty_cycle: 0.330000
data: 4000 4000 500 2000 500 2000 500 2000 500 2000 500 1000 500 1000 500 2000 500 1000 500 2000 500 1000 500 2000 500 1000 500 1000 500 1000 500 1000 500 1000 500 2000 500 2000 500 1000 500 2000 500 1000 500 2000 500 1000 500 2000 500 10000
#
name: P46731AT Power
type: raw
frequency: 38000
duty_cycle: 0.330000
data: 182 7827 172 2332 177 2328 181 2323 176 2330 179 1309 175 1331 174 2331 178 1328 177 2328 181 1307 177 2327 182 1325 180 1326 179 1309 176 1331 174 1332 173 2333 176 2310 178 1328 177 2328 181 1325 180 2306 182 1325 180 2325 174 8340 183 7825 175 2330 179 2326 173 2333 176 2310 178 1328 177 1329 176 2329 180 1308 176 2329 180 1326 179 2326 173 1334 182 1306 179 1328 177 1329 176 1312 183 2322 177 2329 180 1326 179 2325 174 1315 180 2326 173 1333 183 2323 176 8339 183 7824 175 2330 179 2307 181 2324 175 2331 178 1328 177 1330 175 2311 177 1329 176 2329 180 1326 179 2327 182 1305 179 1328 177 1328 177 1311 173 1334 182 2323 176 2330 179 1326 571 1916 180 1327 178 2325 587 920 575 1930 579
# 
name: RLDED3258A-B Power
type: parsed
protocol: NEC
address: 20 00 00 00
command: 52 00 00 00
# 
name: 24 Roku Power
type: parsed
protocol: NECext
address: EA C7 00 00
command: 17 E8 00 00
# 
name: Samsung Power
type: parsed
protocol: Samsung32
address: 07 00 00 00
command: 02 00 00 00
# 
name: BN59 Power
type: parsed
protocol: Samsung32
address: 07 00 00 00
command: E6 00 00 00
# 
name: HQ24ED470AK Power
type: raw
frequency: 38000
duty_cycle: 0.330000
data: 4499 4472 566 1662 565 1664 563 1665 562 565 538 564 539 562 541 560 543 558 545 1683 544 1658 569 1686 541 559 544 557 536 565 538 563 540 561 542 559 544 1684 543 558 545 556 537 564 539 562 541 560 543 558 545 1684 543 558 545 1683 544 1684 543 1660 567 1688 539 1689 538 1664 563 565 538 563 540 561 542 559 544 42973 4495 4472 566 1662 565 1663 564 1664 563 564 539 562 541 560 543 558 545 556 537 1691 536 1691 536 1666 572 555 538 564 539 561 542 559 544 557 536 565 538 1689 538 563 540 560 543 558 545 555 538 563 540 561 542 1686 541 559 544 1684 543 1684 543 1658 569 1685 542 1686 541 1660 567 559 544 557 536 565 538 563 540 42959 4499 4466 562 1666 572 1656 571 1656 571 556 537 564 539 562 541 559 544 556 537 1691 536 1690 537 1664 563 564 539 562 541 560 543 557 536 565 538 563 540 1688 539 561 542 559 544 556 537 564 539 562 541 560 543 1684 543 558 545 1682 545 1683 544 1657 570 1684 543 1659 568 1659 568 559 544 557 536 565 538 563 540 42955 4503 4463 565 1663 564 1663 564 1664 563 563 540 561 542 558 545 556 537 564 539 1688 539 1688 539 1662 565 562 541 559 544 557 536 565 538 563 540 560 543 1685 542 559 544 556 537 564 539 562 541 559 544 557 536 1692 535 565 538 1690 537 1690 537 1664 563 1691 536 1666 572 1656 571 556 537 564 539 562 541 559 544
# 
name: LE37S71B Power
type: raw
frequency: 38000
duty_cycle: 0.330000
data: 4567 4475 732 1555 703 1608 705 1608 705 478 676 460 669 507 651 506 649 508 621 1640 672 1616 673 1639 674 508 648 508 648 508 647 485 644 511 647 508 648 1639 674 508 649 508 647 485 645 511 647 508 648 509 647 1639 674 509 647 1613 673 1641 673 1640 673 1640 672 1617 671 1640 673 48544 4566 4505 648 1639 674 1639 674 1639 647 510 648 508 648 509 648 508 648 508 648 1639 647 1642 673 1639 674 508 648 509 648 508 647 485 645 511 647 509 647 1640 673 509 647 509 646 486 643 511 647 509 647 509 647 1640 673 509 647 1615 672 1640 673 1640 673
# 
name: Sharp TV2 Power
type: raw
frequency: 38000
duty_cycle: 0.330000
data: 277 1806 274 775 281 776 279 770 275 774 281 768 277 1814 277 1806 274 775 280 1803 277 780 276 773 282 766 279 1831 249 781 274 45962 281 1803 277 771 274 783 273 802 253 770 275 1834 257 801 255 768 277 1807 273 775 280 1811 280 1804 276 1806 274 774 282 1811 280 43887 275 1809 282 767 278 779 276 799 256 766 279 771 274 1843 248 1810 281 767 278 1806 274 782 274 776 279 796 249 1807 273 784 282 45962 279 1804 276 772 273 784 282 768 277 798 247 1836 255 802 253 796 249 1808 283 766 279 1813 278 1805 275 1808 272 776 279 1813 278 43890 282 1801 279 769 276 781 274 775 280 769 276 773 283 1834 257 1801 279 769 276 1808 272 784 282 767 278 772 273 1810 281 776 279
# 
name: Sharp TV1 Power
type: raw
frequency: 38000
duty_cycle: 0.330000
data: 195 1833 300 766 280 760 275 790 276 737 309 731 304 1801 301 1804 309 731 304 1801 270 795 282 758 277 762 273 1832 270 769 246 45851 326 1780 302 739 307 785 282 732 303 736 310 1795 307 732 303 763 303 1775 307 733 334 1798 273 1832 270 1810 251 814 273 1780 281 43762 302 1804 309 758 277 737 330 762 284 730 305 734 301 1803 310 1796 306 733 302 1829 273 767 279 734 301 791 275 1804 278 762 253 45870 307 1798 304 763 272 767 279 787 279 760 275 1829 284 730 305 734 301 1804 309 757 278 1827 275 1804 278 1828 274 765 270 1835 278 43740 303 1776 306 787 279 760 275 765 281 759 307 758 277 1775 307 1799 303 736 299 1832 281 759 276 763 304 736 299 1832 281 733 302 45820 306 1800 302 764 282 758 277 788 278 762 284 1821 281 732 303 736 310 1796 307 733 302 1829 273 1806 276 1830 272 767 268 1837 245 43772 302 1778 304 789 277 762 284 756 279 786 249 765 301 1777 336 1770 301 764 282 1824 278 761 274 765 301 738 308 1824 278 761 274
# 
name: LC-RC1-16 Power
type: raw
frequency: 38000
duty_cycle: 0.330000
data: 352 1747 353 694 354 694 353 694 354 694 354 693 354 1747 354 1745 355 693 355 1746 354 693 355 691 357 691 356 1745 355 689 356 46388 358 1740 359 689 358 688 360 689 358 689 359 1741 358 688 359 689 359 1741 358 691 356 1743 356 1743 356 1742 357 690 357 1741 356 44286 261 1839 260 786 262 786 262 785 263 785 263 786 262 1838 262 1838 262 786 262 1839 261 786 262 784 264 787 261 1837 263 783 262 46491 261 1839 261 786 262 786 262 786 261 786 262 1839 261 786 262 786 262 1839 261 786 262 1838 262 1838 262 1838 262 786 262 1835 262
# 
name: LC-42LB261U Power
type: raw
frequency: 38000
duty_cycle: 0.330000
data: 278 1811 277 788 246 794 250 764 280 786 248 792 252 1813 275 1815 273 791 253 1812 276 789 255 785 249 791 253 1812 276 789 255 45322 280 1809 279 786 248 766 278 788 246 794 250 1815 273 792 252 788 246 1819 280 785 249 1817 271 1819 280 1810 278 787 247 1818 281 43217 274 1818 270 794 250 764 280 786 248 792 252 788 256 1809 279 1811 277 788 246 1819 280 785 249 766 278 762 272 1819 280 785 248
# 
name: G0684CESA Power
type: parsed
protocol: NEC
address: 28 00 00 00
command: 0B 00 00 00
# 
name: Sharp Aquos Power
type: raw
frequency: 38000
duty_cycle: 0.330000
data: 3381 1656 439 401 438 1239 439 401 438 1240 439 401 438 1239 440 401 438 1239 440 400 439 1238 440 401 438 1239 440 1240 438 426 438 1240 439 400 439 1240 439 1240 438 1240 438 1240 438 401 438 401 438 402 437 1242 436 402 437 1242 437 402 437 403 436 1242 437 402 437 403 436 403 436 403 436 1242 437 1242 437 403 436 1242 437 403 436 403 436 403 436 1242 437 403 436 403 436 403 436 1243 436 403 436 1242 437 1242 437
#
name: DENVER Power
type: parsed
protocol: NECext
address: 00 7F 00 00
command: 0A F5 00 00
# 
name: 13VT_L100 Power
type: raw
frequency: 38000
duty_cycle: 0.330000
data: 264 1848 264 792 264 792 264 792 264 792 264 792 264 1848 264 1848 264 792 264 1848 264 792 264 792 264 792 264 1848 264 792 264 43560 264 1848 264 792 264 792 264 792 264 792 264 1848 264 792 264 792 264 1848 264 792 264 1848 264 1848 264 1848 264 792 264 1848 264 43560
# 
name: Sony Power
type: parsed
protocol: SIRC
address: 01 00 00 00
command: 15 00 00 00
# 
name: XBR Power
type: parsed
protocol: SIRC
address: 01 00 00 00
command: 2E 00 00 00
# 
name: TCL Unknown Power
type: raw
frequency: 38000
duty_cycle: 0.330000
data: 4009 3986 511 1987 517 1981 513 1985 519 1979 515 1009 493 1006 486 1986 518 1006 486 1987 517 1007 485 1987 517 1007 485 1014 488 1010 492 1007 485 1013 489 1984 510 1988 516 1008 494 1978 516 1008 494 1979 515 983 519 1979 515 8184 4015 3980 518 1980 514 1985 519 1979 515 1983 511 1013 489 1010 492 1980 514 1010 492 1980 514 1011 491 1981 513 1011 491 1007 485 1014 488 1010 492 1007 485 1987 517 1981 513 1012 490 1982 512 986 516 1983 511 1013 489 1983 511 8070 4015 3980 518 1981 513 1985 519 1979 515 1983 511 1014 488 1010 492 1980 514 1011 491 1981 513 1011 491 1981 513 1012 490 1008 494 1005 487 1011 491 1008 484 1988 516 1982 512 1012 490 1983 511 1013 489 1983 511 1014 488 1984 510
# 
name: TCL Roku Power
type: parsed
protocol: NECext
address: EA C7 00 00
command: 97 68 00 00
# 
name: LED49D2930 Power
type: parsed
protocol: RCA
address: 0F 00 00 00
command: 54 00 00 00
# 
name: CT90325 Power
type: parsed
protocol: NEC
address: 40 00 00 00
command: 12 00 00 00
# 
name: FireTV Power
type: parsed
protocol: NECext
address: 02 7D 00 00
command: 46 B9 00 00
#
name: TELEFUNKEN Power
type: parsed
protocol: RC5
address: 01 00 00 00
command: 0C 00 00 00
# 
name: XiaomiTV Open
type: raw
frequency: 38000
duty_cycle: 0.330000
data: 985 605 587 589 587 1470 587 1472 586 589 587 1471 586 589 586 1470 587 589 586 1472 586 1472 585 10765 987 610 585 589 587 1472 585 1471 587 589 587 1470 588 588 587 1471 586 589 586 1471 587 1472 585 10765 987 609 586 590 585 1471 586 1473 585 589 587 1471 587 589 587 1471 586 589 587 1472 586 1471 586 10765 987 609 587 589 586 1471 586 1472 586 589 587 1471 586 589 587 1472 585 589 586 1472 586 1471 587 10764 988 609 586 589 587 1471 586 1471 587 588 588 1471 586 588 587 1470 587 588 587 1471 587 1471 586 10765 987 609 586 589 587 1470 587 1471 587 589 587 1470 587 590 586 1471 586 589 587 1470 588 1472 585 10764 988 608 587 588 587 1471 587 1472 586 590 585 1470 587 589 587 1471 586 589 587 1472 586 1471 586 10765 987 609 586 589 587 1470 587 1472 586 589 586 1471 586 589 587 1472 585 590 585 1472 586 1470 587 10765 987 609 586 589 586 1471 586 1471 587 589 587 1471 586 589 586 1471 587 588 587 1470 588 1472 586 10765 987 609 586 589 587 1470 587 1471 587 589 586 1471 586 589 586 1471 586 589 586 1471 587 1471 586 10764 987 609 587 590 585 1470 587 1472 586 589 587 1470 587 590 586 1471 586 589 586 1472 586 1471 586 10764 988 609 586 588 588 1471 586 1471 587 589 586 1471 586 589 587 1471 586 589 587 1471 587 1471 586 10764 988 609 586 589 587 1470 587 1471 587 589 587 1471 587 589 586 1470 587 589 587 1472 586 1471 586 10764 988 609 586 589 586 1471 586 1471 587 589 587 1472 585 589 587 1472 585 588 587 1472 586 1470 587 10764 988 609 586 588 588 1471 586 1471 587 589 586 1470 587 589 587 1469 588 588 587 1471 587 1471 586 10764 988 608 587 589 587 1470 587 1471 587 588 587 1471 586 588 587 1471 587 589 586 1471 587 1471 586 10765 987 608 587 588 588 1470 587 1474 584 590 585 1471 586 588 588 1471 586 587 589 1470 588 1471 586 10764 988 609 586 588 588 1471 587 1470 588 588 588 1470 587 588 587 1471 586 587 588 1471 587 1471 586
##
name: EHP Power
type: raw
frequency: 38000
duty_cycle: 0.330000
data: 528 1870 433 380 432 386 426 392 431 780 428 390 433 386 426 392 431 387 425 392 431 95569 536 1862 430 382 431 389 423 421 402 783 425 394 429 389 434 386 426 418 405 387 425 95574 531 1868 424 389 434 386 426 392 431 781 427 392 431 388 424 395 428 416 407 411 402 95573 532 1867 425 388 424 395 428 391 432 779 430 390 433 412 400 418 405 389 423 419 404 95571 533 1866 426 387 425 394 429 415 408 804 404 390 423 421 402 392 431 388 424 419 404 95571 534 1864 428 385 427 392 431 388 424 787 432 388 424 395 428 392 431 388 424 394 429
# 
name: Noname POWER
type: raw
frequency: 38000
duty_cycle: 0.330000
data: 2762 793 534 358 530 358 530 794 534 794 981 379 533 354 532 356 530 357 505 383 505 382 506 382 506 383 505 383 505 384 503 385 502 386 501 388 499 389 498 390 497 391 943 389 495 834 495 394 494 122265 2760 796 529 384 503 385 502 825 502 826 947 385 498 391 496 392 496 392 496 392 496 393 495 393 495 393 495 393 495 393 495 393 495 393 495 393 495 393 495 393 495 393 942 389 495 834 495 394 494
# 
name: Sanyo POWER
type: parsed
protocol: NEC
address: 38 00 00 00
command: 12 00 00 00
# 
name: GRUNDIG
type: parsed
protocol: RC5
address: 00 00 00 00
command: 0C 00 00 00
# 
name: LG
type: parsed
protocol: RC5
address: 00 00 00 00
command: 0C 00 00 00
# 
name: MEDION
type: parsed
protocol: NEC
address: 19 00 00 00
command: 18 00 00 00
# 
name: OPPO
type: parsed
protocol: NEC
address: 49 00 00 00
command: 1A 00 00 00
# 
name: FETCH
type: parsed
protocol: NECext
address: 64 46 00 00
command: 5D A2 00 00
# 
name: PLATINUM
type: parsed
protocol: NECext
address: 00 7F 00 00
command: 15 EA 00 00
# 
name: HISENSE
type: parsed
protocol: NECext
address: 00 BF 00 00
command: 0D F2 00 00
